314 179 
315 178 
316 177 
317 176 
318 175 
319 174 
320 173 
321 172 
322 171 
323 170 
324 169 
325 168 
326 167 
327 166 
328 165 
329 164 
330 163 
331 162 
332 161 
333 160 
334 159 
335 158 
336 157 
337 156 
338 155 
339 154 
340 153 
341 152 
342 151 
343 150 
344 149 
345 148 
346 147 
347 146 
348 145 
349 144 
350 143 
351 142 
352 141 
353 140 
354 139 
355 138 
356 137 
357 136 
358 135 
359 134 
360 133 
361 132 
362 131 
363 130 
363 129 
363 128 
363 127 
363 126 
363 125 
364 124 
365 123 
365 122 
365 121 
365 120 
365 119 
365 118 
365 117 
365 116 
365 115 
365 114 
365 113 
365 112 
365 111 
365 110 
365 109 
365 108 
365 107 
365 106 
365 105 
365 104 
365 103 
365 102 
365 101 
365 100 
365 99 
365 98 
365 97 
365 96 
365 95 
365 94 
365 93 
365 92 
365 91 
365 90 
365 89 
365 88 
365 87 
365 86 
365 85 
365 84 
365 83 
365 82 
365 81 
365 80 
365 79 
365 78 
365 77 
365 76 
365 75 
364 74 
363 73 
362 72 
361 71 
360 70 
359 69 
358 68 
357 67 
356 66 
355 65 
354 64 
353 63 
352 62 
351 61 
350 60 
349 59 
348 58 
347 57 
346 56 
345 55 
344 54 
343 53 
342 52 
